16384
20035
21276
25361
25243
26313
26411
23472
23164
18868
16384
13899
9603
9295
6356
6454
7524
7406
11491
12732
16383
20035
21276
25361
25243
26313
26411
23472
23164
18868
16384
13899
9603
9295
6356
6454
7524
7406
11491
12732
16383
20035
21276
25361
25243
26313
26411
23472
23164
18868
16384
13899
9603
9295
6356
6454
7524
7406
11491
12732
16383
20035
21276
25361
25243
26313
26411
23472
23164
18868
16384
13899
9603
9295
6356
6454
7524
7406
11491
12732
16383
20035
21276
25361
25243
26313
26411
23472
23164
18868
16384
13899
9603
9295
6356
6454
7524
7406
11491
12732
16383
20035
21276
25361
25243
26313
26411
23472
23164
18868
16384
13899
9603
9295
6356
6454
7524
7406
11491
12732
16383
20035
21276
25361
25243
26313
26411
23472
23164
18868
16384
13899
9603
9295
6356
6454
7524
7406
11491
12732
16383
20035
21276
25361
25243
26313
26411
23472
23164
18868
16384
13899
9603
9295
6356
6454
7524
7406
11491
12732
16383
20035
21276
25361
25243
26313
26411
23472
23164
18868
16384
13899
9603
9295
6356
6454
7524
7406
11491
12732
16383
20035
21276
25361
25243
26313
26411
23472
23164
18868
16384
13899
9603
9295
6356
6454
7524
7406
11491
12732
16383
20035
21276
25361
25243
26313
26411
23472
23164
18868
16384
13899
9603
9295
6356
6454
7524
7406
11491
12732
16383
20035
21276
25361
25243
26313
26411
23472
23164
18868
16384
13899
9603
9295
6356
6454
7524
7406
11491
12732
16383
20035
21276
25361
25243
26313
26411
23472
23164
18868
