16384
17640
17591
16734
16684
17937
19188
19133
18269
18209
19452
20691
20622
19743
19667
20891
22111
22022
21120
21020
22220
23414
23296
22366
22236
23405
24566
24415
23451
23285
24417
25540
25351
24347
24140
25231
26312
26080
25032
24782
25827
26863
26585
25490
25193
26191
27179
26852
25710
25364
26313
27252
26877
25685
25290
26191
27081
26657
25417
24974
25827
26670
26199
24913
24424
25231
26029
25514
24184
23652
24417
25174
24618
23248
22677
23405
24125
23534
22129
21525
22220
22909
22288
20854
20223
20891
21556
20911
19455
18803
19452
20098
19436
17966
17300
17937
18572
17902
16423
15751
16383
17016
16344
14865
14195
14830
15467
14801
13331
12669
13315
13964
13312
11856
11211
11876
12544
11913
10479
9858
10547
11242
10638
9233
8642
9362
10090
9519
8149
7593
8350
9115
8583
7253
6738
7536
8343
7854
6568
6097
6940
7793
7350
6110
5686
6576
7477
7082
5890
5515
6454
7403
7057
5915
5588
6576
7574
7277
6182
5904
6940
7985
7735
6687
6455
7536
8627
8420
7416
7227
8350
9482
9316
8352
8201
9362
10531
10401
9471
9353
10547
11747
11647
10745
10656
11876
13100
13024
12145
12076
13315
14558
14498
13634
13579
14830
16083
16033
15176
15127
16383
17640
17591
16734
16684
17937
19188
19133
18269
18209
19452
20691
20622
19743
19667
20891
22111
22022
21120
21020
22220
23414
23296
22366
22236
23405
24566
24415
23451
23285
24417
25540
25351
24347
24140
25231
26312
26080
25032
24782
25827
26863
26585
25490
25193
26191
27179
26852
25710
25364
26313
27252
26877
25685
25290
26191
27081
26657
25417
24974
25827
26670
26199
24913
24424
25231
26029
25514
24184
23652
24417
25174
24618
23248
22677
23405
24125
23534
22129
21525
22220
22909
22288
20854
20223
20891
21556
20911
19455
18803
19452
20098
19436
17966
17300
17937
18572
17902
16423
15751
16383
17016
16344
14865
14195
14830
15467
14801
13331
12669
13315
13964
13312
11856
11211
11876
12544
11913
10479
9858
10547
11242
10638
9233
8642
9362
10090
9519
8149
7593
8350
9115
8583
7253
6738
7536
8343
7854
6568
6097
6940
7793
7350
6110
5686
6576
7477
7082
5890
5515
6454
7403
7057
5915
5588
6576
7574
7277
6182
5904
6940
7985
7735
6687
6455
7536
8627
8420
7416
7227
8350
9482
9316
8352
8201
9362
10531
10401
9471
9353
10547
11747
11647
10745
10656
11876
13100
13024
12145
12076
13315
14558
14498
13634
13579
14830
16083
16033
15176
15127
16383
17640
17591
16734
16684
17937
19188
19133
18269
18209
19452
20691
20622
19743
19667
20891
22111
22022
21120
21020
22220
23414
23296
22366
22236
23405
24566
24415
23451
23285
24417
25540
25351
24347
24140
25231
26312
26080
25032
24782
25827
26863
26585
25490
25193
26191
27179
26852
25710
25364
26313
27252
26877
25685
25290
26191
27081
26657
25417
24974
25827
26670
26199
24913
24424
25231
26029
25514
24184
23652
24417
25174
24618
23248
22677
23405
24125
23534
22129
21525
22220
22909
22288
20854
20223
20891
21556
20911
19455
18803
19452
20098
19436
17966
17300
17937
18572
17902
16423
15751
16383
17016
16344
14865
14195
14830
15467
14801
13331
12669
13315
13964
13312
11856
11211
11876
12544
11913
10479
9858
10547
11242
10638
9233
8642
9362
10090
9519
8149
7593
8350
9115
8583
7253
6738
7536
8343
7854
6568
6097
6940
7793
7350
6110
5686
6576
7477
7082
5890
5515
6454
7403
7057
5915
5588
6576
7574
7277
6182
5904
6940
7985
7735
6687
6455
7536
8627
8420
7416
7227
8350
9482
9316
8352
8201
9362
10531
10401
9471
9353
10547
11747
11647
10745
10656
11876
13100
13024
12145
12076
13315
14558
14498
13634
13579
14830
16083
16033
15176
15127
16383
17640
17591
16734
16684
17937
19188
19133
18269
18209
19452
20691
20622
19743
19667
20891
22111
22022
21120
21020
22220
23414
23296
22366
22236
23405
24566
24415
23451
23285
24417
25540
25351
24347
24140
25231
26312
26080
25032
24782
25827
26863
26585
25490
25193
26191
27179
26852
25710
25364
26313
27252
26877
25685
25290
26191
27081
26657
25417
24974
25827
26670
26199
24913
24424
25231
26029
25514
24184
23652
24417
25174
24618
23248
22677
23405
24125
23534
22129
21525
22220
22909
22288
20854
20223
20891
21556
20911
19455
18803
19452
20098
19436
17966
17300
17937
18572
17902
16423
15751
16383
17016
16344
14865
14195
14830
15467
14801
13331
12669
13315
13964
13312
11856
11211
11876
12544
11913
10479
9858
10547
11242
10638
9233
8642
9362
10090
9519
8149
7593
8350
9115
8583
7253
6738
7536
8343
7854
6568
6097
6940
7793
7350
6110
5686
6576
7477
7082
5890
5515
6454
7403
7057
5915
5588
6576
7574
7277
6182
5904
6940
7985
7735
6687
6455
7536
8627
8420
7416
7227
8350
9482
9316
8352
8201
9362
10531
10401
9471
9353
10547
11747
11647
10745
10656
11876
13100
13024
12145
12076
13315
14558
14498
13634
13579
14830
16083
16033
15176
15127
16383
17640
17591
16734
16684
17937
19188
19133
18269
18209
19452
20691
20622
19743
19667
20891
22111
22022
21120
21020
22220
23414
23296
22366
22236
23405
24566
24415
23451
23285
24417
25540
25351
24347
24140
25231
26312
26080
25032
24782
25827
26863
26585
25490
25193
26191
27179
26852
25710
25364
26313
27252
26877
25685
25290
26191
27081
26657
25417
24974
25827
26670
26199
24913
24424
25231
26029
25514
24184
23652
24417
25174
24618
23248
22677
23405
24125
23534
22129
21525
22220
22909
22288
20854
20223
20891
21556
20911
19455
18803
19452
20098
19436
17966
17300
17937
18572
17902
16423
15751
16383
17016
16344
14865
14195
14830
15467
14801
13331
12669
13315
13964
13312
11856
11211
11876
12544
11913
10479
9858
10547
11242
10638
9233
8642
9362
10090
9519
8149
7593
8350
9115
8583
7253
6738
7536
8343
7854
6568
6097
6940
7793
7350
6110
5686
6576
7477
7082
5890
5515
6454
7403
7057
5915
5588
6576
7574
7277
6182
5904
6940
7985
7735
6687
6455
7536
8627
8420
7416
7227
8350
9482
9316
8352
8201
9362
10531
10401
9471
9353
10547
11747
11647
10745
10656
11876
13100
13024
12145
12076
13315
14558
14498
13634
13579
14830
16083
16033
15176
15127
