
24
26
29
2503
2507
2508
2509
2512
2506
2506
2509
2508
2507
2509
2504
2507
2506
2506
25
23
25
23
27
27
23
25
25
29
23
25
26
27
2505
2505
2506
2504
2510
2511
2504
2510
2509
2510
2507
2509
2504
2507
2506
2506
25
23
25
23
27
27
23
25
25
29
23
25
26
27
2505
2505
2506
2504
2510
2511
2504
2510
2509
2510
2507
2509
2504
2507
2506
2506
25
23
25
23
27
27
23
25
25
29
23
25
26
27
2505
2505
2506
2504
2510
2511
2504
2510
2509
2510
2507
2509
2504
2507
2506
2506
25
23
25
23
27
27
23
25
25
29
23
25
26
27
2505
2505
2506
2504
2510
2511
2504
2510
2509
2510
2507
2509
2504
2507
2506
2506
25
23
25
23
27
27
23
25
25
29
23
25
26
27
2505
2505
2506
2504
2510
2511
2504
2510
2509
2510
2507
2509
2504
2507
2506
2506
25
23
25
23
27
27
23
25
25
29
23
25
26
27
2505
2505
2506
2504
2510
2511
2504
2510
2509
2510
2507
2509
2504
2507
2506
2506
25
23
25
23
27
27
23
25
25
29
23
25
26
27
2505
2505
2506
2504
2510
2511
2504
2510
2509
2510
2507
2509
2504
2507
2506
2506
25
23
25
23
27
27
23
25
25
29
23
25
26
27
2505
2505
2506

